64736.6
10596.8
8175.69
6475.97
5883.29
5552.65
4588.26
4093.06
3375.21
3173.57
2672.57
2448.93
2405.28
2325.86
2181.54
2150.28
2087.49
1854.1
1738.13
1705
1637.49
1587.26
1449.37
1336.77
1322.76
1295.41
1217
1211.96
1145.64
1119.17
1062.15
1053.36
1045.07
1020.04
1002.88
998.287
941.164
933.493
918.7
891.075
850.285
844.419
827.053
812.322
794.52
770.289
745.782
734.5
726.456
702.698
693.505
688.421
654.261
645.572
638.905
630.882
616.029
613.861
607.03
594.091
569.914
560.917
556.593
552.631
537.237
525.338
521.613
520.016
494.126
483.469
479.131
477.319
468.682
462.022
458.665
445.234
441.822
439.406
429.996
426.164
418.526
413.621
402.373
398.124
391.851
390.634
383.609
379.126
376.457
375.004
362.85
360.188
356.576
352.918
351.802
348.109
341.236
337.845
325.53
322.241
315.832
313.844
312.384
306.803
300.271
293.11
291.764
289.596
283.811
281.575
277.433
274.235
271.549
265.446
262.204
257.142
254.324
251.811
250.192
248.054
247.203
242.254
238.463
237.815
231.937
228.791
226.535
224.3
221.313
219.267
217.375
213.041
210.414
209.363
207.214
206.097
203.168
198.399
197.285
193.896
192.989
190.255
189.453
185.707
182.933
181.814
179.265
178.825
175.581
174.283
170.587
169.048
168.441
166.205
163.394
162.604
161.465
159.276
158.68
154.795
154.004
151.968
150.829
150.239
148.507
145.879
145.688
144.187
142.377
141.768
139.307
138.337
136.729
135.674
134.481
133.044
131.365
130.824
129.091
128.198
127.6
127.125
126.156
123.459
123.137
122.213
121.223
119.994
118.541
117.987
117.385
116.857
115.48
114.022
113.22
112.137
110.289
109.818
108.93
108.554
106.875
106.615
105.218
104.939
104.298
104.055
103.107
101.807
101.442
100.038
99.8564
98.7991
98.0137
97.2973
96.7528
95.6217
95.061
94.0185
92.9902
92.207
91.0926
90.9898
89.8612
89.7062
89.2428
88.2974
87.4728
86.4397
85.9726
85.4048
84.8904
84.5831
83.9048
83.6673
83.3723
81.9872
81.9836
80.9506
80.619
79.9437
79.4878
79.2983
78.3616
78.1791
77.7363
77.2409
76.8201
76.3725
75.3885
75.3007
74.7732
74.2671
73.517
73.2808
72.3371
71.6791
71.4483
71.1985
70.6665
70.4822
70.236
69.4605
68.6621
68.6009
68.0738
67.5456
67.03
66.7303
66.206
66.0087
65.3156
65.174
64.8164
64.4355
64.0491
63.6711
62.7697
62.6169
62.0058
61.8313
61.3647
60.7754
60.5241
60.2249
59.813
59.3205
59.0144
58.8663
58.2051
57.5985
57.0975
56.6729
56.5779
56.28
56.0447
55.5816
55.1959
54.7596
54.2819
54.1234
53.6809
53.526
53.3003
52.7818
52.3408
51.9447
51.701
51.6555
50.9983
50.7254
50.2847
50.1227
49.8498
49.4831
49.122
48.8526
48.715
48.4937
47.4939
47.3683
47.2781
46.7073
46.6086
46.2836
46.224
45.7496
45.3015
45.1324
44.6481
44.5348
43.8079
43.6718
43.5104
43.267
42.9795
42.7154
42.3869
42.3055
42.0097
41.7461
41.1752
40.9864
40.761
40.3144
40.0319
39.6312
39.4958
39.0684
38.6013
38.4746
38.1715
38.0632
37.7342
37.5748
37.4938
37.0606
36.8047
36.403
36.1465
35.8192
35.6992
34.9409
34.837
34.6277
34.3816
34.0946
33.8027
33.7279
33.5859
33.4
33.0629
32.9685
32.6631
32.4601
31.6966
31.5747
31.2685
31.2333
30.5401
30.238
30.0695
29.8718
29.6894
29.2579
29.0238
28.8802
28.8052
28.2918
27.954
27.9045
27.7514
27.2983
26.9813
26.6333
26.5456
26.3642
26.0566
25.9181
25.7996
25.4979
25.1185
24.9721
24.7605
24.4118
24.2716
23.7373
23.6678
23.6245
23.3505
23.1129
23.0327
22.7953
22.3201
22.0426
21.9963
21.4592
21.2599
20.8701
20.7918
20.4722
20.159
20.0398
19.832
19.5173
19.3546
19.1584
19.12
18.7863
18.2432
17.9126
17.8621
17.7326
17.538
17.4203
17.0652
16.9143
16.5489
16.4936
16.3986
16.2384
15.9444
15.6086
15.3623
15.2609
14.97
14.6471
14.1774
14.0727
13.9519
13.8922
13.6303
13.4061
13.1895
12.8137
12.6225
12.5099
12.1312
11.9463
11.8926
11.546
11.1944
10.9598
10.7035
10.4248
10.1271
9.87886
9.78688
9.58184
9.15444
9.11364
8.64752
8.45897
8.06757
7.76925
7.4667
7.20076
7.01619
6.75829
6.65414
6.41095
6.12731
5.88347
5.83166
5.8006
5.63293
5.24312
4.91069
4.74624
4.56098
4.29272
4.11245
3.91962
3.56568
3.49968
3.10424
2.95733
2.80612
2.44195
2.20938
2.13159
1.83125
1.48015
1.25241
0.969195
0.666515
0.560695
0.424256
8.22717e-05
3.68089e-05
3.48253e-05
1.88221e-05
0
